32
0 6
6 5
11 7
18 10
28 5
33 6
39 7
46 7
53 8
61 6
67 7
74 11
85 5
90 4
94 6
100 5
105 6
111 3
114 5
119 4
123 5
128 5
133 2
135 8
143 11
154 7
161 5
166 4
170 5
175 6
181 6
187 7

30

194
0 2
0 2
6 8
26 8
11 6
24 7
19 2
6 8
11 5
8 6
26 6
24 6
2 8
2 8
5 2
11 1
14 2
31 8
10 2
17 4
9 7
6 2
9 6
18 2
28 4
30 7
30 10
31 10
11 4
23 10
15 8
24 4
27 10
2 2
24 9
10 3
20 6
7 7
19 9
0 8
1 8
12 7
3 2
9 10
17 3
21 10
25 6
8 8
5 7
20 9
23 2
23 4
24 1
7 8
11 9
1 6
9 7
11 10
15 7
24 8
31 1
3 7
8 7
30 8
6 10
3 6
12 1
3 2
5 3
23 7
18 1
14 9
12 2
12 4
0 6
1 5
4 4
8 9
11 2
11 2
11 4
11 4
2 1
8 10
30 5
6 7
10 2
10 4
9 1
16 8
19 8
23 6
16 7
22 9
10 9
18 7
29 4
2 2
28 6
27 1
15 9
15 9
21 7
4 8
8 7
13 7
12 8
16 6
16 6
17 1
27 9
3 4
16 1
6 3
10 1
14 7
3 2
30 7
20 10
1 2
13 8
31 7
5 9
5 6
18 10
7 9
28 5
25 5
15 7
31 2
6 10
22 8
23 10
21 8
13 9
4 10
10 7
13 6
7 2
7 4
31 2
21 10
25 1
2 6
5 9
7 1
0 7
4 4
8 8
25 10
25 9
26 4
26 10
29 6
7 6
20 5
24 10
23 1
29 6
24 9
31 4
0 8
24 4
24 10
1 6
30 7
16 9
4 10
14 1
28 6
14 6
20 5
3 4
29 10
27 6
14 4
25 6
28 10
24 6
29 4
29 4
9 8
18 7
26 7
11 5
3 7
3 10
19 7
21 2
23 2
2 8
3 10
25 4
8 1
