0 43 28 38 146 140 213 62 51 13 21 51 119 85 158 237 189 51 249 201 235 116 184 62 196 11 178 92 72 204 126 24 247 155 62 
1 138 39 19 200 91 32 221 142 152 50 44 133 239 95 126 184 75 243 113 137 183 124 59 19 197 7 146 221 255 45 27 137 84 46 
2 81 175 78 46 62 230 97 106 107 80 202 234 9 21 221 122 158 148 246 217 168 187 224 58 152 223 103 179 104 187 225 185 107 48 
3 232 169 22 73 19 130 153 221 108 162 242 73 28 144 221 19 105 133 206 74 191 103 41 38 26 146 226 252 75 77 44 51 246 66 
4 124 9 196 22 231 48 184 217 121 213 106 87 232 211 220 182 29 156 29 71 194 56 217 164 52 36 241 96 88 231 162 212 241 103 
5 234 216 151 163 177 17 120 27 104 96 239 68 22 12 224 52 83 163 108 44 71 160 81 57 0 169 32 162 125 17 9 104 233 161 
6 11 155 178 131 182 26 227 165 94 249 178 63 45 5 226 153 50 41 57 131 98 57 44 131 220 169 148 229 17 126 134 28 25 56 
7 159 207 82 130 117 177 124 39 240 169 44 210 67 94 251 124 225 94 182 13 225 146 183 117 119 200 243 254 229 12 54 132 220 137 
8 7 81 58 131 120 42 44 164 252 111 3 247 236 228 85 162 242 54 52 169 172 171 113 159 169 86 172 224 219 136 105 226 217 163 
9 101 81 205 145 245 201 1 248 192 237 221 22 143 207 76 195 120 248 110 233 152 24 64 68 248 27 204 97 253 165 4 98 246 209 
10 243 235 154 244 228 90 225 193 112 112 144 189 51 8 181 162 241 77 186 49 145 178 76 93 19 73 2 23 171 248 232 159 228 130 
11 147 200 220 117 137 77 229 25 10 25 33 191 187 18 13 117 68 158 39 144 252 58 218 254 81 133 247 57 36 219 187 184 163 151 
12 45 44 228 18 69 238 43 102 174 230 120 187 91 188 89 130 77 85 188 39 84 13 172 75 70 209 38 1 137 201 153 182 245 125 
13 200 58 108 244 160 26 218 24 213 54 213 46 184 34 132 117 73 216 130 245 35 201 198 73 202 79 18 99 5 7 225 206 65 77 
14 194 225 103 156 249 60 210 206 106 139 240 238 0 57 198 130 47 233 75 245 50 22 69 68 121 74 75 90 24 140 167 218 109 14 
15 119 103 74 73 53 181 212 38 163 212 95 106 87 142 83 162 132 134 184 201 202 50 19 22 140 44 162 52 6 16 66 125 119 141 
16 199 172 66 155 210 229 112 50 79 199 192 163 105 68 41 34 13 243 84 33 9 224 77 172 20 83 188 87 209 51 228 152 223 38 
17 51 178 11 163 228 91 106 164 254 212 233 39 246 246 26 74 23 36 42 100 208 63 184 140 150 137 191 122 33 158 160 84 80 171 
18 248 52 6 98 217 4 54 194 43 44 184 70 118 208 106 161 52 58 224 236 198 118 117 133 240 150 35 144 235 116 59 227 168 66 
19 69 129 70 124 67 114 168 252 184 31 204 34 192 0 92 160 237 34 22 98 167 6 249 202 150 228 62 209 199 231 19 12 104 90 
20 136 172 204 49 168 132 80 116 166 16 116 2 176 97 36 198 196 203 204 189 149 98 161 212 51 104 187 71 116 35 161 253 207 109 
21 46 119 241 126 235 151 142 96 153 62 193 189 4 133 136 208 66 29 50 227 241 101 75 172 172 192 208 77 189 159 186 235 23 171 
22 105 2 66 247 98 219 53 36 152 57 169 32 9 236 62 59 207 47 160 27 220 77 219 172 154 152 75 85 131 98 0 236 101 67 
23 227 199 30 24 235 183 81 149 215 90 129 21 149 80 69 53 107 33 130 70 205 29 222 24 114 97 123 114 77 224 181 48 167 212 
24 72 147 139 153 40 98 243 169 120 136 249 189 190 101 222 64 171 171 93 138 195 207 235 62 66 57 30 247 105 198 203 178 89 86 
25 75 129 185 63 42 49 199 35 238 133 136 204 198 52 119 35 190 58 243 169 121 53 226 151 44 76 93 248 254 182 78 73 55 7 
26 136 97 56 80 133 38 213 13 242 155 65 105 191 255 164 178 169 29 231 139 180 19 215 18 11 213 200 90 31 0 97 167 97 154 
27 247 230 192 205 244 179 104 53 28 39 53 192 217 222 221 192 105 146 212 65 164 223 22 108 57 53 108 155 221 206 53 212 180 245 
28 161 168 168 10 222 197 49 19 133 11 241 99 203 90 245 159 155 153 127 178 5 184 231 114 83 196 64 136 153 244 126 58 157 38 
29 68 123 235 118 142 113 129 127 212 76 217 201 236 117 98 107 39 103 35 14 217 119 211 25 255 108 14 125 166 171 164 235 38 143 
30 97 180 0 226 51 212 46 12 157 26 129 255 133 168 103 169 183 64 32 138 90 31 246 104 157 156 19 65 135 57 208 232 237 209 
31 202 32 165 249 44 67 19 174 66 153 86 169 66 13 234 98 151 68 129 141 172 30 42 191 95 177 248 48 154 229 1 100 5 166 
